Matrix A:
6.900000 -6.490000 4.090000 6.240000 -4.600000 -9.830000 2.020000 8.260000 -7.090000 2.040000 
7.180000 2.900000 6.340000 5.710000 -9.840000 4.480000 -4.660000 -1.550000 6.780000 0.810000 
-0.760000 -1.060000 7.300000 -6.560000 4.540000 9.130000 8.070000 -4.460000 9.940000 7.890000 
-4.180000 -1.700000 -8.510000 -8.280000 2.580000 6.020000 9.080000 8.650000 -6.710000 2.150000 
-1.290000 -0.460000 8.860000 6.740000 -2.540000 4.460000 -7.460000 -9.990000 -3.780000 7.880000 
-0.160000 6.190000 -0.020000 -9.140000 -6.370000 1.110000 5.430000 0.250000 -3.130000 -5.790000 
7.170000 -6.820000 2.570000 9.320000 -9.490000 -1.270000 -7.790000 0.410000 -3.540000 -8.960000 
5.430000 3.580000 -6.070000 -9.310000 0.810000 -9.300000 4.730000 -6.740000 8.230000 7.230000 
0.910000 -9.770000 -3.570000 -9.120000 -8.090000 8.570000 -4.790000 -6.250000 1.540000 9.950000 
-9.510000 -4.100000 5.680000 8.090000 -7.130000 -1.790000 6.830000 8.050000 9.080000 -2.710000 
Matrix B:
6.330000 -9.750000 -6.780000 -9.760000 -1.020000 1.200000 0.750000 -3.390000 6.200000 -6.660000 
-2.990000 3.830000 2.350000 -6.510000 -0.990000 2.630000 3.560000 5.000000 -5.310000 -7.830000 
0.980000 -8.750000 -7.230000 -9.800000 5.480000 1.710000 2.020000 4.400000 6.820000 5.670000 
2.360000 1.160000 2.320000 8.270000 2.530000 7.400000 -5.050000 6.380000 7.660000 7.840000 
-3.160000 -3.230000 0.650000 8.800000 4.620000 3.290000 8.330000 -5.970000 -8.260000 8.800000 
-0.540000 -1.080000 0.410000 3.280000 -1.420000 -2.090000 6.220000 -0.150000 -3.020000 4.330000 
4.250000 9.720000 -6.800000 4.360000 2.760000 -4.080000 -9.520000 2.200000 1.270000 0.100000 
2.150000 0.850000 -6.170000 0.800000 -5.090000 -2.020000 9.460000 -7.140000 8.150000 8.740000 
-4.050000 -1.310000 0.640000 -1.530000 7.500000 2.910000 2.140000 -0.850000 -9.990000 -7.650000 
6.220000 5.220000 -5.270000 3.900000 5.310000 3.780000 -1.560000 8.830000 8.930000 6.560000 
46.846977
104.376488
Matrix C:
169.408203 -48.614288 -164.136292 -52.074802 -48.516701 11.944400 -100.086006 0.409999 379.547394 133.945999 
39.584099 -132.070908 -37.693604 -204.535706 37.351505 72.537003 -11.475501 114.762703 104.793610 -117.571602 
4.281696 10.154801 -121.218597 5.605397 194.662506 -9.072697 28.082405 69.888405 -119.562988 20.350899 
37.075401 199.889908 -59.931095 174.395905 -116.141594 -155.323212 52.046585 -118.002792 -9.581711 118.697990 
34.556000 -90.420799 27.841303 -27.228594 93.060509 113.994003 -56.030098 226.263077 131.247314 104.781998 
-21.303398 61.085209 -19.070700 -160.459625 -100.709892 -128.513596 -25.119295 -27.350605 -66.248100 -181.732712 
47.345707 -193.184189 27.108395 -124.532394 -102.653702 22.247099 -63.285995 -26.964109 200.609604 -24.614197 
15.460495 77.715401 -32.815098 -86.350395 98.525192 4.354695 -101.983902 25.320789 -143.238083 -278.708801 
52.744400 -10.707907 -6.537798 -18.233311 -0.461694 -68.462593 -35.089001 41.819801 20.704210 -57.001110 
-7.078302 108.856110 -48.842793 73.891113 66.540703 -0.281198 -86.845901 57.081406 87.187698 104.376488 
